0.139200    0.601400     0.259400     0     6     0.010000     0.100000     0.100000     111.0   
0.061000    0.800600     0.138400     0     6     0.010000     0.100000     0.100000     180.0   
0.029200    0.903600     0.067200     0     6     0.010000     0.100000     0.100000     234.0   
0.000000    1.000000     0.000000     0     6     0.010000     0.100000     0.100000     404.0   
0.159800    0.658000     0.182200     3290     0     6     0.010000     0.100000     0.100000     100.0   
0.079800    0.800400     0.119800     4002     0     6     0.010000     0.100000     0.100000     137.0   
0.027600    0.903800     0.068600     4519     0     6     0.010000     0.100000     0.100000     187.0   
0.010200    0.981200     0.008600     4906     0     6     0.010000     0.100000     0.100000     277.0   
0.000000    1.000000     0.000000     5000     0     6     0.010000     0.100000     0.100000     361.0   
0.173400    0.624600     0.202000     3123     0     6     0.0100     0.1000     0.1000     100.0   
0.088600    0.801200     0.110200     4006     0     6     0.0100     0.1000     0.1000     152.0   
0.038400    0.901600     0.060000     4508     0     6     0.0100     0.1000     0.1000     216.0   
0.005200    0.980200     0.014600     4901     0     6     0.0100     0.1000     0.1000     290.0   
0.000000    1.000000     0.000000     5000     0     6     0.010000     0.100000     0.100000     434.0   
0.215400    0.632000     0.152600     3160     0     6     0.0100     0.1000     0.1000     100.0   
0.123400    0.800000     0.076600     4000     0     6     0.0100     0.1000     0.1000     151.0   
0.064800    0.903400     0.031800     4517     0     6     0.0100     0.1000     0.1000     200.0   
0.008600    0.980400     0.011000     4902     0     6     0.0100     0.1000     0.1000     326.0   
0.000000    1.000000     0.000000     5000     0     6     0.0100     0.1000     0.1000     510.0   
